8.319339681519857255e-01
8.814228480156588441e-01
8.917137166386542857e-01
9.003456927191899606e-01
9.057078552214219425e-01
9.098104205730686012e-01
9.134114581543789635e-01
9.161625846474154011e-01
9.185695001289648776e-01
9.202903118392903314e-01
9.225973673996770152e-01
9.244785547443651330e-01
9.261140867135847499e-01
9.277208874342004474e-01
9.287369385159016666e-01
9.298512484770625752e-01
9.308961796270390776e-01
9.318355522006726011e-01
9.328601859031063759e-01
9.336590440167696903e-01
