9.081169650173940511e+01
6.264645168008287079e+00
1.150698256203305681e+00
5.885885817699310074e-01
4.033902671060262679e-01
2.808058976883704427e-01
1.366852376103617206e-01
8.889757283816060451e-02
5.970638009932662665e-02
4.950368808461525633e-02
2.826794463446299227e-02
2.495040953123644351e-02
2.211588050812694078e-02
1.282827512386844164e-02
1.220592327378499861e-02
1.137522182005917641e-02
9.347921969941663800e-03
6.908950574180218636e-03
6.775642903693444852e-03
5.729114021594122752e-03
4.638379491654093939e-03
3.687022680480368103e-03
2.874715570330285946e-03
2.761509904519741758e-03
1.805209549061626353e-03
1.513319286391932254e-03
1.338740139346279463e-03
7.727705490006818185e-04
6.539678825947972500e-04
5.451225789292789628e-04
4.638818645707224408e-04
4.146003947462232253e-04
3.654414221237510334e-04
3.144831052463364441e-04
2.305458064138688639e-04
2.279989365236121952e-04
2.207782434130681367e-04
2.006320582575573470e-04
1.766828495951348584e-04
1.546945439155274248e-04
1.359642641980721124e-04
1.170612626190168748e-04
1.124151131614398950e-04
1.044413390428890176e-04
9.354287043062125022e-05
8.645950584633899842e-05
7.680062609059605788e-05
7.062413220040569936e-05
6.652501030260373155e-05
6.327301125638071743e-05
